stringified_json,label
{"currentFrameRate":113.326,"devices":[],"gestures":[],"hands":[{"armBasis":[[0.817015,0.0784646,-0.571253],[0.346591,0.724931,0.595273],[0.460827,-0.684338,0.565084]],"armWidth":63.72,"confidence":0.779812,"direction":[-0.158572,0.557981,-0.814562],"elbow":[175.9,-79.4019,211.895],"grabStrength":1,"id":726,"palmNormal":[-0.328148,-0.807887,-0.489528],"palmPosition":[34.3974,133.456,15.5929],"palmVelocity":[-2.90505,8.91484,-0.498822],"palmWidth":90.99,"pinchStrength":0.478979,"r":[[0.981801,-0.165998,0.0922538],[0.134507,0.950748,0.279259],[-0.134067,-0.261768,0.955774]],"s":0.113896,"sphereCenter":[24.3045,103.978,-20.8298],"sphereRadius":39.4728,"stabilizedPalmPosition":[34.6647,125.778,12.4363],"t":[-2.11072,18.6471,11.8392],"timeVisible":0.901865,"type":"right","wrist":[51.4764,105.369,59.3218]}],"id":625447,"interactionBox":{"center":[0,103.122,0],"size":[121.296,121.296,76.1821]},"pointables":[{"bases":[[[0.637283,0.755153,0.15367],[-0.540804,0.296185,0.787277],[0.549,-0.584824,0.597143]],[[0.449107,0.893056,-0.0274753],[-0.649014,0.347207,0.676925],[0.614072,-0.28618,0.735539]],[[0.449107,0.893056,-0.0274753],[-0.799512,0.415412,0.433836],[0.398853,-0.172872,0.900573]],[[0.449107,0.893056,-0.0274753],[-0.752506,0.394647,0.527246],[0.481703,-0.216114,0.849268]]],"btipPosition":[-33.5981,125.379,-21.6036],"carpPosition":[21.9277,100.142,65.6942],"dipPosition":[-22.3245,120.322,-1.72767],"direction":[-0.398853,0.172872,-0.900573],"extended":false,"handId":726,"id":7260,"length":52.1164,"mcpPosition":[21.9277,100.142,65.6942],"pipPosition":[-8.72532,114.427,28.9779],"stabilizedTipPosition":[-30.8356,120.239,-11.041],"timeVisible":0.901865,"tipPosition":[-30.8055,124.988,-16.9627],"tipVelocity":[-1.44181,3.86884,1.06612],"tool":false,"touchDistance":0.173047,"touchZone":"hovering","type":0,"width":20.25},{"bases":[[[0.891377,-0.093293,-0.443557],[0.278135,0.885269,0.372746],[0.357893,-0.455626,0.815057]],[[0.868073,-0.0655352,-0.492092],[-0.308079,0.706165,-0.637509],[0.389278,0.705008,0.592813]],[[0.868073,-0.0655352,-0.492092],[-0.478742,-0.372805,-0.794873],[-0.131363,0.925592,-0.354997]],[[0.868073,-0.0655352,-0.492092],[-0.339126,-0.802197,-0.491399],[-0.362551,0.593451,-0.71859]]],"btipPosition":[0.473027,91.0997,-0.534163],"carpPosition":[34.1579,120.38,64.0399],"dipPosition":[-5.72138,101.239,-12.8117],"direction":[0.131363,-0.925592,0.354997],"extended":false,"handId":726,"id":7261,"length":58.8075,"mcpPosition":[7.82784,153.9,4.07653],"pipPosition":[-8.89647,123.611,-21.3921],"stabilizedTipPosition":[-6.45428,91.5641,-16.4084],"timeVisible":0.901865,"tipPosition":[-1.59407,93.277,-4.09669],"tipVelocity":[7.55177,9.34605,5.22054],"tool":false,"touchDistance":0.333333,"touchZone":"none","type":1,"width":19.3428},{"bases":[[[0.870971,-0.303533,-0.386364],[0.432619,0.846534,0.310195],[0.232916,-0.437319,0.868621]],[[0.879407,-0.320388,-0.352131],[-0.0536598,0.668239,-0.742009],[0.473038,0.671423,0.570462]],[[0.879407,-0.320388,-0.352131],[-0.456381,-0.356825,-0.815102],[0.1355,0.877512,-0.460013]],[[0.879407,-0.320388,-0.352131],[-0.45936,-0.765307,-0.450881],[-0.125032,0.558262,-0.820189]]],"btipPosition":[4.72405,83.7226,-0.812877],"carpPosition":[45.2782,121.019,58.7914],"dipPosition":[2.37445,94.2135,-16.2259],"direction":[-0.1355,-0.877512,0.460013],"extended":false,"handId":726,"id":7262,"length":67.0064,"mcpPosition":[29.0282,151.53,-1.81053],"pipPosition":[6.22757,119.167,-29.307],"stabilizedTipPosition":[1.50801,81.9084,-17.5337],"timeVisible":0.901865,"tipPosition":[3.74132,86.0217,-5.34306],"tipVelocity":[5.58426,8.32521,12.5492],"tool":false,"touchDistance":0.333333,"touchZone":"none","type":2,"width":18.9972},{"bases":[[[0.860646,-0.427525,-0.276605],[0.500945,0.808313,0.30933],[0.0913368,-0.404787,0.909838]],[[0.862246,-0.435245,-0.259024],[0.130148,0.684636,-0.717172],[0.489483,0.584667,0.646971]],[[0.862246,-0.435245,-0.259024],[-0.355303,-0.155317,-0.921757],[0.360959,0.886814,-0.288565]],[[0.862246,-0.435245,-0.259024],[-0.487184,-0.572869,-0.659145],[0.138503,0.694538,-0.705999]]],"btipPosition":[15.9458,80.119,-11.079],"carpPosition":[56.1241,118.429,53.6349],"dipPosition":[18.5336,93.0957,-24.2699],"direction":[-0.360959,-0.886814,0.288565],"extended":false,"handId":726,"id":7263,"length":64.4285,"mcpPosition":[50.4028,143.785,-3.35736],"pipPosition":[28.5329,117.662,-32.2638],"stabilizedTipPosition":[16.5011,81.7409,-22.2831],"timeVisible":0.901865,"tipPosition":[16.4994,83.4595,-14.9398],"tipVelocity":[-2.14436,4.34306,4.14945],"tool":false,"touchDistance":0.333333,"touchZone":"none","type":3,"width":18.077},{"bases":[[[0.770752,-0.599142,-0.216724],[0.634797,0.693018,0.341701],[-0.0545334,-0.400943,0.914479]],[[0.753249,-0.653582,-0.0737948],[0.392355,0.536542,-0.747114],[0.527895,0.53381,0.660586]],[[0.753249,-0.653582,-0.0737948],[-0.255749,-0.187673,-0.948352],[0.605977,0.733218,-0.308517]],[[0.753249,-0.653582,-0.0737948],[-0.518134,-0.520517,-0.678675],[0.405158,0.549447,-0.730722]]],"btipPosition":[30.7691,89.3934,-9.57108],"carpPosition":[65.1087,108.831,48.1834],"dipPosition":[37.7527,98.8641,-22.1664],"direction":[-0.605977,-0.733218,0.308517],"extended":false,"handId":726,"id":7264,"length":50.5107,"mcpPosition":[68.2708,132.08,-4.84282],"pipPosition":[49.6049,113.205,-28.2006],"stabilizedTipPosition":[36.0433,88.3774,-22.637],"timeVisible":0.901865,"tipPosition":[32.5661,91.7642,-13.308],"tipVelocity":[-4.42343,7.35458,4.207],"tool":false,"touchDistance":0.333333,"touchZone":"none","type":4,"width":16.0574}],"r":[[0.981801,-0.165998,0.0922538],[0.134507,0.950748,0.279259],[-0.134067,-0.261768,0.955774]],"s":0.113896,"t":[-2.11072,18.6471,11.8392],"timestamp":27245236438},a
{"currentFrameRate":113.52,"devices":[],"gestures":[],"hands":[{"armBasis":[[0.817431,0.0777064,-0.570761],[0.34685,0.724692,0.595413],[0.459893,-0.684678,0.565433]],"armWidth":63.72,"confidence":0.816484,"direction":[-0.159465,0.558327,-0.814151],"elbow":[175.652,-79.3718,211.972],"grabStrength":1,"id":726,"palmNormal":[-0.328275,-0.807763,-0.489648],"palmPosition":[34.355,133.593,15.6051],"palmVelocity":[-2.68371,8.4413,0.0558446],"palmWidth":90.99,"pinchStrength":0.476335,"r":[[0.981978,-0.165221,0.091765],[0.133875,0.950817,0.27933],[-0.133403,-0.262011,0.9558]],"s":0.1127,"sphereCenter":[24.2197,104.166,-20.7917],"sphereRadius":39.4362,"stabilizedPalmPosition":[34.66,125.899,12.4857],"t":[-2.15703,18.7897,11.8468],"timeVisible":0.919156,"type":"right","wrist":[51.4812,105.491,59.3055]}],"id":625449,"interactionBox":{"center":[0,103.122,0],"size":[121.296,121.296,76.1821]},"pointables":[{"bases":[[[0.637143,0.755305,0.153501],[-0.54024,0.295602,0.787883],[0.549717,-0.584922,0.596387]],[[0.448737,0.893242,-0.0274382],[-0.647846,0.3463,0.678508],[0.615574,-0.286696,0.734081]],[[0.448737,0.893242,-0.0274382],[-0.800815,0.415553,0.43129],[0.396649,-0.171563,0.901796]],[[0.448737,0.893242,-0.0274382],[-0.751791,0.39392,0.528806],[0.483161,-0.216667,0.848299]]],"btipPosition":[-33.6198,125.482,-21.5435],"carpPosition":[21.9398,100.25,65.7005],"dipPosition":[-22.3121,120.411,-1.6903],"direction":[-0.396649,0.171563,-0.901796],"extended":false,"handId":726,"id":7260,"length":52.1164,"mcpPosition":[21.9398,100.25,65.7005],"pipPosition":[-8.78817,114.561,29.057],"stabilizedTipPosition":[-30.8384,120.303,-11.135],"timeVisible":0.919156,"tipPosition":[-30.849,125.061,-16.9061],"tipVelocity":[-1.09753,4.66251,2.00369],"tool":false,"touchDistance":0.173961,"touchZone":"hovering","type":0,"width":20.25},{"bases":[[[0.891033,-0.0927543,-0.444361],[0.278135,0.885184,0.372947],[0.358749,-0.4559,0.814527]],[[0.865067,-0.0620804,-0.497801],[-0.314935,0.705192,-0.635232],[0.390481,0.706293,0.590487]],[[0.865067,-0.0620804,-0.497801],[-0.482158,-0.376862,-0.790885],[-0.138503,0.924187,-0.355943]],[[0.865067,-0.0620804,-0.497801],[-0.338077,-0.80527,-0.487078],[-0.370626,0.589649,-0.7176]]],"btipPosition":[0.672373,91.2768,-0.383401],"carpPosition":[34.1614,120.493,64.0458],"dipPosition":[-5.65999,101.351,-12.644],"direction":[0.138503,-0.924187,0.355943],"extended":false,"handId":726,"id":7261,"length":58.8075,"mcpPosition":[7.76831,154.033,4.12142],"pipPosition":[-9.00768,123.689,-21.2473],"stabilizedTipPosition":[-6.31956,91.6117,-16.0931],"timeVisible":0.919156,"tipPosition":[-1.43846,93.4464,-3.91899],"tipVelocity":[8.58412,9.34103,6.96474],"tool":false,"touchDistance":0.333333,"touchZone":"none","type":1,"width":19.3428},{"bases":[[[0.870751,-0.30303,-0.387254],[0.43258,0.846536,0.310245],[0.233811,-0.437665,0.868206]],[[0.879076,-0.319588,-0.35368],[-0.0563865,0.667037,-0.742888],[0.473336,0.672998,0.568355]],[[0.879076,-0.319588,-0.35368],[-0.458064,-0.361012,-0.81231],[0.131922,0.87609,-0.463748]],[[0.879076,-0.319588,-0.35368],[-0.458852,-0.768354,-0.446192],[-0.129154,0.554523,-0.822085]]],"btipPosition":[4.82519,83.9013,-0.543825],"carpPosition":[45.277,121.139,58.7882],"dipPosition":[2.39812,94.3219,-15.9924],"direction":[-0.131922,-0.87609,0.463748],"extended":false,"handId":726,"id":7262,"length":67.0064,"mcpPosition":[28.9645,151.674,-1.78483],"pipPosition":[6.1495,119.235,-29.1798],"stabilizedTipPosition":[1.51842,81.925,-17.4828],"timeVisible":0.919156,"tipPosition":[3.82533,86.1886,-5.06927],"tipVelocity":[5.22117,8.78039,13.6598],"tool":false,"touchDistance":0.333333,"touchZone":"none","type":2,"width":18.9972},{"bases":[[[0.860564,-0.42708,-0.277548],[0.500918,0.808339,0.309303],[0.0922558,-0.405204,0.90956]],[[0.862228,-0.435052,-0.259409],[0.128807,0.683629,-0.718373],[0.489869,0.585987,0.645482]],[[0.862228,-0.435052,-0.259409],[-0.355829,-0.155763,-0.921479],[0.360485,0.88683,-0.289108]],[[0.862228,-0.435052,-0.259409],[-0.487241,-0.572426,-0.659488],[0.138419,0.695024,-0.705537]]],"btipPosition":[15.881,80.2028,-11.0024],"carpPosition":[56.1194,118.555,53.6211],"dipPosition":[18.4672,93.1886,-24.1847],"direction":[-0.360485,-0.88683,0.289108],"extended":false,"handId":726,"id":7263,"length":64.4285,"mcpPosition":[50.3405,143.937,-3.35368],"pipPosition":[28.4534,117.756,-32.1935],"stabilizedTipPosition":[16.5011,81.7447,-22.2612],"timeVisible":0.919156,"tipPosition":[16.4419,83.5467,-14.8379],"tipVelocity":[-2.86179,4.58258,4.36741],"tool":false,"touchDistance":0.333333,"touchZone":"none","type":3,"width":18.077},{"bases":[[[0.770782,-0.598759,-0.217676],[0.634839,0.693077,0.341503],[-0.0536118,-0.401414,0.914326]],[[0.752879,-0.654229,-0.0718177],[0.392457,0.533854,-0.748984],[0.528347,0.535709,0.658684]],[[0.752879,-0.654229,-0.0718177],[-0.255273,-0.18969,-0.948079],[0.606638,0.732121,-0.309821]],[[0.752879,-0.654229,-0.0718177],[-0.51751,-0.521034,-0.678754],[0.406641,0.548186,-0.730845]]],"btipPosition":[30.6553,89.5289,-9.49351],"carpPosition":[65.1028,108.964,48.1573],"dipPosition":[37.6645,98.9779,-22.0909],"direction":[-0.606638,-0.732121,0.309821],"extended":false,"handId":726,"id":7264,"length":50.5107,"mcpPosition":[68.2115,132.24,-4.86012],"pipPosition":[49.5296,113.297,-28.1507],"stabilizedTipPosition":[36.0092,88.4073,-22.5441],"timeVisible":0.919156,"tipPosition":[32.4661,91.8915,-13.2085],"tipVelocity":[-5.2199,7.42816,4.30239],"tool":false,"touchDistance":0.333333,"touchZone":"none","type":4,"width":16.0574}],"r":[[0.981978,-0.165221,0.091765],[0.133875,0.950817,0.27933],[-0.133403,-0.262011,0.9558]],"s":0.1127,"t":[-2.15703,18.7897,11.8468],"timestamp":27245253729},a
{"currentFrameRate":113.619,"devices":[],"gestures":[],"hands":[{"armBasis":[[0.817949,0.0773228,-0.570071],[0.346757,0.724425,0.595792],[0.459042,-0.685003,0.56573]],"armWidth":63.72,"confidence":0.799112,"direction":[-0.159996,0.558399,-0.813998],"elbow":[175.393,-79.3297,212.065],"grabStrength":1,"id":726,"palmNormal":[-0.328053,-0.807829,-0.489687],"palmPosition":[34.2977,133.723,15.6278],"palmVelocity":[-2.94369,7.94216,0.62564],"palmWidth":90.99,"pinchStrength":0.472304,"r":[[0.982132,-0.16457,0.0912838],[0.133357,0.950857,0.279439],[-0.132785,-0.262273,0.955814]],"s":0.111577,"sphereCenter":[24.142,104.333,-20.7398],"sphereRadius":39.3992,"stabilizedPalmPosition":[34.6547,126.018,12.5335],"t":[-2.20981,18.9242,11.8646],"timeVisible":0.936593,"type":"right","wrist":[51.4516,105.621,59.3175]}],"id":625451,"interactionBox":{"center":[0,103.122,0],"size":[121.296,121.296,76.1821]},"pointables":[{"bases":[[[0.636835,0.75558,0.153429],[-0.540122,0.295203,0.788114],[0.55019,-0.584769,0.596101]],[[0.448241,0.89349,-0.0274783],[-0.647377,0.345663,0.679279],[0.616427,-0.286692,0.733366]],[[0.448241,0.89349,-0.0274783],[-0.801989,0.415534,0.429121],[0.394833,-0.170312,0.902829]],[[0.448241,0.89349,-0.0274783],[-0.751268,0.393194,0.53009],[0.484435,-0.216965,0.847496]]],"btipPosition":[-33.6554,125.561,-21.5036],"carpPosition":[21.9148,100.365,65.7212],"dipPosition":[-22.3179,120.483,-1.66913],"direction":[-0.394833,0.170312,-0.902829],"extended":false,"handId":726,"id":7260,"length":52.1164,"mcpPosition":[21.9148,100.365,65.7212],"pipPosition":[-8.85578,114.676,29.1134],"stabilizedTipPosition":[-30.8414,120.361,-11.2176],"timeVisible":0.936593,"tipPosition":[-30.8982,125.117,-16.8697],"tipVelocity":[-1.28541,4.50211,1.98778],"tool":false,"touchDistance":0.174555,"touchZone":"hovering","type":0,"width":20.25},{"bases":[[[0.890931,-0.0922511,-0.44467],[0.277838,0.885249,0.373016],[0.359233,-0.455878,0.814326]],[[0.862348,-0.0587455,-0.502896],[-0.321787,0.703259,-0.63394],[0.390908,0.708502,0.58755]],[[0.862348,-0.0587455,-0.502896],[-0.484782,-0.382383,-0.786619],[-0.146089,0.922134,-0.358226]],[[0.862348,-0.0587455,-0.502896],[-0.336177,-0.809144,-0.481944],[-0.378604,0.584666,-0.717513]]],"btipPosition":[0.902988,91.436,-0.168438],"carpPosition":[34.1262,120.614,64.0662],"dipPosition":[-5.56568,101.425,-12.4276],"direction":[0.146089,-0.922134,0.358226],"extended":false,"handId":726,"id":7261,"length":58.8075,"mcpPosition":[7.69761,154.153,4.15653],"pipPosition":[-9.09671,123.714,-21.0861],"stabilizedTipPosition":[-6.20149,91.6551,-15.822],"timeVisible":0.936593,"tipPosition":[-1.25318,93.5964,-3.69584],"tipVelocity":[9.88497,8.69125,9.43373],"tool":false,"touchDistance":0.333333,"touchZone":"none","type":1,"width":19.3428},{"bases":[[[0.870768,-0.302546,-0.387595],[0.43228,0.846685,0.310257],[0.234303,-0.437711,0.86805]],[[0.879013,-0.318899,-0.354456],[-0.0582788,0.665976,-0.743693],[0.473223,0.674374,0.566816]],[[0.879013,-0.318899,-0.354456],[-0.458946,-0.364384,-0.810304],[0.129247,0.874944,-0.466655]],[[0.879013,-0.318899,-0.354456],[-0.45815,-0.770794,-0.442691],[-0.132039,0.551525,-0.823642]]],"btipPosition":[4.8894,84.0544,-0.329996],"carpPosition":[45.2398,121.266,58.805],"dipPosition":[2.40812,94.4186,-15.8079],"direction":[-0.129247,-0.874945,0.466655],"extended":false,"handId":726,"id":7262,"length":67.0064,"mcpPosition":[28.893,151.804,-1.7571],"pipPosition":[6.08345,119.299,-29.0779],"stabilizedTipPosition":[1.52767,81.9398,-17.4379],"timeVisible":0.936593,"tipPosition":[3.8833,86.332,-4.84153],"tipVelocity":[4.16239,8.3983,12.78],"tool":false,"touchDistance":0.333333,"touchZone":"none","type":2,"width":18.9972},{"bases":[[[0.860675,-0.426622,-0.277908],[0.500636,0.808521,0.309286],[0.092746,-0.405325,0.909456]],[[0.862375,-0.434733,-0.259455],[0.127674,0.682667,-0.71949],[0.489907,0.587344,0.644219]],[[0.862375,-0.434733,-0.259455],[-0.355961,-0.156244,-0.921347],[0.360001,0.886902,-0.289489]],[[0.862375,-0.434733,-0.259455],[-0.486963,-0.572099,-0.659978],[0.13848,0.695493,-0.705062]]],"btipPosition":[15.8232,80.2723,-10.925],"carpPosition":[56.0818,118.689,53.634],"dipPosition":[18.4106,93.2669,-24.0984],"direction":[-0.360001,-0.886902,0.289489],"extended":false,"handId":726,"id":7263,"length":64.4285,"mcpPosition":[50.2722,144.078,-3.33435],"pipPosition":[28.3833,117.836,-32.1178],"stabilizedTipPosition":[16.5009,81.7495,-22.2345],"timeVisible":0.936593,"tipPosition":[16.3916,83.619,-14.7343],"tipVelocity":[-3.05778,4.33069,4.41627],"tool":false,"touchDistance":0.333333,"touchZone":"none","type":3,"width":18.077},{"bases":[[[0.770995,-0.598353,-0.218037],[0.634622,0.693316,0.341421],[-0.0531218,-0.401605,0.914271]],[[0.752635,-0.654778,-0.0693302],[0.393001,0.531208,-0.750579],[0.528291,0.537665,0.657134]],[[0.752635,-0.654778,-0.0693302],[-0.254217,-0.191839,-0.94793],[0.607384,0.73107,-0.31084]],[[0.752635,-0.654778,-0.0693302],[-0.516481,-0.521778,-0.678967],[0.408398,0.546822,-0.730888]]],"btipPosition":[30.5491,89.6535,-9.40667],"carpPosition":[65.0679,109.102,48.1654],"dipPosition":[37.5886,99.079,-22.0048],"direction":[-0.607384,-0.73107,0.31084],"extended":false,"handId":726,"id":7264,"length":50.5107,"mcpPosition":[68.1482,132.389,-4.84877],"pipPosition":[49.4682,113.378,-28.0845],"stabilizedTipPosition":[35.9714,88.4408,-22.443],"timeVisible":0.936593,"tipPosition":[32.3742,92.0061,-13.0995],"tipVelocity":[-5.43208,7.11401,4.57954],"tool":false,"touchDistance":0.333333,"touchZone":"none","type":4,"width":16.0574}],"r":[[0.982132,-0.16457,0.0912838],[0.133357,0.950857,0.279439],[-0.132785,-0.262273,0.955814]],"s":0.111577,"t":[-2.20981,18.9242,11.8646],"timestamp":27245271166},a
{"currentFrameRate":113.712,"devices":[],"gestures":[],"hands":[{"armBasis":[[0.818163,0.0770185,-0.569805],[0.346814,0.724324,0.595882],[0.458617,-0.685145,0.565903]],"armWidth":63.72,"confidence":0.81658,"direction":[-0.159864,0.558017,-0.814285],"elbow":[175.238,-79.2867,212.133],"grabStrength":1,"id":726,"palmNormal":[-0.328066,-0.80804,-0.48933],"palmPosition":[34.264,133.785,15.6339],"palmVelocity":[-3.20034,7.72248,0.646387],"palmWidth":90.99,"pinchStrength":0.470315,"r":[[0.982187,-0.164327,0.0911351],[0.133168,0.950897,0.279394],[-0.132572,-0.262281,0.955842]],"s":0.111034,"sphereCenter":[24.0966,104.398,-20.7024],"sphereRadius":39.3782,"stabilizedPalmPosition":[34.6518,126.075,12.5564],"t":[-2.2399,18.9873,11.8724],"timeVisible":0.945227,"type":"right","wrist":[51.4109,105.702,59.339]}],"id":625452,"interactionBox":{"center":[0,103.122,0],"size":[121.296,121.296,76.1821]},"pointables":[{"bases":[[[0.63688,0.755602,0.153131],[-0.540182,0.295628,0.787913],[0.550079,-0.584525,0.596442]],[[0.448292,0.893452,-0.0278843],[-0.647226,0.345948,0.679278],[0.616548,-0.286467,0.733352]],[[0.448292,0.893452,-0.0278843],[-0.802625,0.416059,0.427421],[0.393481,-0.169229,0.903623]],[[0.448292,0.893452,-0.0278843],[-0.750982,0.39336,0.530371],[0.48483,-0.216821,0.847307]]],"btipPosition":[-33.6664,125.596,-21.5046],"carpPosition":[21.873,100.452,65.7421],"dipPosition":[-22.3196,120.521,-1.67457],"direction":[-0.393481,0.169229,-0.903623],"extended":false,"handId":726,"id":7260,"length":52.1164,"mcpPosition":[21.873,100.452,65.7421],"pipPosition":[-8.90366,114.751,29.135],"stabilizedTipPosition":[-30.8428,120.388,-11.2559],"timeVisible":0.945227,"tipPosition":[-30.9189,125.141,-16.8709],"tipVelocity":[-1.21756,4.4132,1.39846],"tool":false,"touchDistance":0.174521,"touchZone":"hovering","type":0,"width":20.25},{"bases":[[[0.890971,-0.092539,-0.44453],[0.27787,0.885407,0.372617],[0.359109,-0.455512,0.814585]],[[0.861105,-0.0576556,-0.505148],[-0.324801,0.702,-0.633798],[0.391156,0.709839,0.585769]],[[0.861105,-0.0576556,-0.505148],[-0.485914,-0.38571,-0.784293],[-0.149621,0.920817,-0.360152]],[[0.861105,-0.0576556,-0.505148],[-0.335164,-0.811474,-0.478722],[-0.382313,0.581537,-0.718088]]],"btipPosition":[1.01019,91.5219,-0.0421861],"carpPosition":[34.0862,120.699,64.0786],"dipPosition":[-5.52186,101.458,-12.3112],"direction":[0.149621,-0.920817,0.360152],"extended":false,"handId":726,"id":7261,"length":58.8075,"mcpPosition":[7.66672,154.211,4.14988],"pipPosition":[-9.13828,123.714,-21.0162],"stabilizedTipPosition":[-6.15088,91.6742,-15.7071],"timeVisible":0.945227,"tipPosition":[-1.16786,93.6724,-3.57025],"tipVelocity":[10.1083,8.64705,10.7396],"tool":false,"touchDistance":0.333333,"touchZone":"none","type":1,"width":19.3428},{"bases":[[[0.870784,-0.302805,-0.387355],[0.432316,0.8468,0.309893],[0.234175,-0.43731,0.868287]],[[0.878977,-0.319042,-0.354416],[-0.058833,0.664992,-0.74453],[0.47322,0.675276,0.565743]],[[0.878977,-0.319042,-0.354416],[-0.459296,-0.366535,-0.809135],[0.128242,0.873993,-0.468711]],[[0.878977,-0.319042,-0.354416],[-0.457892,-0.772226,-0.440455],[-0.133166,0.549435,-0.824857]]],"btipPosition":[4.90882,84.1307,-0.200235],"carpPosition":[45.2004,121.347,58.8183],"dipPosition":[2.40637,94.4556,-15.7009],"direction":[-0.128242,-0.873993,0.468711],"extended":false,"handId":726,"id":7262,"length":67.0064,"mcpPosition":[28.8625,151.857,-1.76035],"pipPosition":[6.05311,119.309,-29.0294],"stabilizedTipPosition":[1.5317,81.9464,-17.4183],"timeVisible":0.945227,"tipPosition":[3.90015,86.3997,-4.70904],"tipVelocity":[3.50578,8.23622,13.2149],"tool":false,"touchDistance":0.333333,"touchZone":"none","type":2,"width":18.9972},{"bases":[[[0.86067,-0.426826,-0.277609],[0.500669,0.80863,0.308947],[0.0926161,-0.404892,0.909662]],[[0.862382,-0.435007,-0.258971],[0.127365,0.681511,-0.72064],[0.489975,0.588483,0.643127]],[[0.862382,-0.435007,-0.258971],[-0.355932,-0.157208,-0.921194],[0.360014,0.886597,-0.290406]],[[0.862382,-0.435007,-0.258971],[-0.486851,-0.572326,-0.659864],[0.13883,0.695135,-0.705347]]],"btipPosition":[15.7824,80.2875,-10.8427],"carpPosition":[56.0427,118.767,53.6496],"dipPosition":[18.3763,93.2754,-24.0214],"direction":[-0.360014,-0.886597,0.290406],"extended":false,"handId":726,"id":7263,"length":64.4285,"mcpPosition":[50.2413,144.129,-3.33158],"pipPosition":[28.3494,117.836,-32.0662],"stabilizedTipPosition":[16.5007,81.7519,-22.2215],"timeVisible":0.945227,"tipPosition":[16.3552,83.6332,-14.6454],"tipVelocity":[-3.45418,3.60186,5.73424],"tool":false,"touchDistance":0.333333,"touchZone":"none","type":3,"width":18.077},{"bases":[[[0.770969,-0.598522,-0.217665],[0.634642,0.693429,0.341153],[-0.0532519,-0.401158,0.91446]],[[0.752328,-0.655316,-0.0675464],[0.393731,0.529471,-0.751423],[0.528184,0.538722,0.656354]],[[0.752328,-0.655316,-0.0675464],[-0.25333,-0.193128,-0.947906],[0.608133,0.730248,-0.311307]],[[0.752328,-0.655316,-0.0675464],[-0.51584,-0.522204,-0.679126],[0.409769,0.545769,-0.730907]]],"btipPosition":[30.4829,89.6991,-9.35931],"carpPosition":[65.0287,109.177,48.1867],"dipPosition":[37.546,99.1064,-21.9578],"direction":[-0.608133,-0.730248,0.311307],"extended":false,"handId":726,"id":7264,"length":50.5107,"mcpPosition":[68.1165,132.438,-4.83843],"pipPosition":[49.4403,113.389,-28.0466],"stabilizedTipPosition":[35.9521,88.4579,-22.3919],"timeVisible":0.945227,"tipPosition":[32.3182,92.0452,-13.0392],"tipVelocity":[-5.85788,6.50011,4.81709],"tool":false,"touchDistance":0.333333,"touchZone":"none","type":4,"width":16.0574}],"r":[[0.982187,-0.164327,0.0911351],[0.133168,0.950897,0.279394],[-0.132572,-0.262281,0.955842]],"s":0.111034,"t":[-2.2399,18.9873,11.8724],"timestamp":27245279800},a
{"currentFrameRate":113.868,"devices":[],"gestures":[],"hands":[{"armBasis":[[0.818509,0.0765248,-0.569375],[0.346907,0.724159,0.596027],[0.457929,-0.685374,0.566184]],"armWidth":63.72,"confidence":0.847149,"direction":[-0.15965,0.557399,-0.814751],"elbow":[174.986,-79.2169,212.243],"grabStrength":1,"id":726,"palmNormal":[-0.328089,-0.808381,-0.488752],"palmPosition":[34.2092,133.884,15.6437],"palmVelocity":[-3.16779,6.78679,0.608048],"palmWidth":90.99,"pinchStrength":0.466154,"r":[[0.982254,-0.163994,0.0910064],[0.132917,0.951012,0.279123],[-0.132323,-0.262073,0.955933]],"s":0.110125,"sphereCenter":[24.0207,104.508,-20.6386],"sphereRadius":39.3408,"stabilizedPalmPosition":[34.6457,126.186,12.6005],"t":[-2.29722,19.0978,11.8845],"timeVisible":0.962531,"type":"right","wrist":[51.3449,105.834,59.3739]}],"id":625454,"interactionBox":{"center":[0,103.122,0],"size":[121.296,121.296,76.1821]},"pointables":[{"bases":[[[0.636954,0.755638,0.152647],[-0.540279,0.296319,0.787588],[0.549899,-0.584129,0.596996]],[[0.44838,0.893387,-0.0285391],[-0.646945,0.346394,0.679318],[0.61678,-0.286129,0.733289]],[[0.44838,0.893387,-0.0285391],[-0.803582,0.416879,0.424815],[0.391422,-0.167545,0.90483]],[[0.44838,0.893387,-0.0285391],[-0.750463,0.393608,0.530922],[0.485552,-0.216637,0.84694]]],"btipPosition":[-33.6925,125.658,-21.5002],"carpPosition":[21.8051,100.592,65.776],"dipPosition":[-22.3288,120.588,-1.67872],"direction":[-0.391422,0.167545,-0.90483],"extended":false,"handId":726,"id":7260,"length":52.1164,"mcpPosition":[21.8051,100.592,65.776],"pipPosition":[-8.98303,114.875,29.172],"stabilizedTipPosition":[-30.8459,120.441,-11.3299],"timeVisible":0.962531,"tipPosition":[-30.9567,125.185,-16.8693],"tipVelocity":[-1.18661,4.01881,0.800299],"tool":false,"touchDistance":0.174562,"touchZone":"hovering","type":0,"width":20.25},{"bases":[[[0.891035,-0.0930059,-0.444304],[0.277923,0.885662,0.371969],[0.358908,-0.45492,0.815005]],[[0.85902,-0.0558344,-0.508888],[-0.330038,0.699495,-0.633862],[0.391356,0.712453,0.582453]],[[0.85902,-0.0558344,-0.508888],[-0.487605,-0.392077,-0.780075],[-0.155968,0.918236,-0.364027]],[[0.85902,-0.0558344,-0.508888],[-0.333071,-0.815842,-0.472721],[-0.388779,0.575572,-0.719422]]],"btipPosition":[1.21537,91.668,0.205961],"carpPosition":[34.0214,120.837,64.0987],"dipPosition":[-5.42715,101.502,-12.0858],"direction":[0.155968,-0.918236,0.364027],"extended":false,"handId":726,"id":7261,"length":58.8075,"mcpPosition":[7.61664,154.305,4.1391],"pipPosition":[-9.19697,123.696,-20.8845],"stabilizedTipPosition":[-6.06564,91.7068,-15.5156],"timeVisible":0.962531,"tipPosition":[-0.995829,93.8003,-3.32574],"tipVelocity":[10.067,7.93879,12.0476],"tool":false,"touchDistance":0.333333,"touchZone":"none","type":1,"width":19.3428},{"bases":[[[0.870811,-0.303224,-0.386967],[0.432374,0.846986,0.309302],[0.233968,-0.436658,0.868671]],[[0.878887,-0.319206,-0.354492],[-0.0600336,0.663203,-0.746028],[0.473237,0.676956,0.563717]],[[0.878887,-0.319206,-0.354492],[-0.460103,-0.37104,-0.806619],[0.125947,0.87203,-0.47297]],[[0.878887,-0.319206,-0.354492],[-0.457286,-0.775349,-0.435572],[-0.135818,0.544923,-0.827413]]],"btipPosition":[4.97375,84.2769,0.0612932],"carpPosition":[45.1366,121.479,58.8398],"dipPosition":[2.42145,94.5171,-15.4875],"direction":[-0.125947,-0.87203,0.47297],"extended":false,"handId":726,"id":7262,"length":67.0064,"mcpPosition":[28.8131,151.944,-1.76562],"pipPosition":[6.00293,119.314,-28.937],"stabilizedTipPosition":[1.53865,81.9578,-17.3844],"timeVisible":0.962531,"tipPosition":[3.95527,86.5234,-4.44507],"tipVelocity":[3.40525,7.7927,13.9589],"tool":false,"touchDistance":0.333333,"touchZone":"none","type":2,"width":18.9972},{"bases":[[[0.860661,-0.427158,-0.277125],[0.500723,0.808806,0.308398],[0.0924057,-0.40419,0.909996]],[[0.862397,-0.435474,-0.258134],[0.127154,0.679903,-0.722194],[0.490003,0.589995,0.641719]],[[0.862397,-0.435474,-0.258134],[-0.355616,-0.158228,-0.921141],[0.360289,0.886186,-0.291317]],[[0.862397,-0.435474,-0.258134],[-0.486569,-0.572308,-0.660086],[0.139718,0.694857,-0.705445]]],"btipPosition":[15.7068,80.3191,-10.7482],"carpPosition":[55.9794,118.893,53.675],"dipPosition":[18.3173,93.3018,-23.9288],"direction":[-0.360289,-0.886186,0.291317],"extended":false,"handId":726,"id":7263,"length":64.4285,"mcpPosition":[50.1911,144.212,-3.32709],"pipPosition":[28.298,117.851,-31.9988],"stabilizedTipPosition":[16.5002,81.7563,-22.1977],"timeVisible":0.962531,"tipPosition":[16.2908,83.6627,-14.5284],"tipVelocity":[-3.75931,2.73526,5.54297],"tool":false,"touchDistance":0.333333,"touchZone":"none","type":3,"width":18.077},{"bases":[[[0.770928,-0.598794,-0.217062],[0.634675,0.693613,0.340717],[-0.0534626,-0.400432,0.914765]],[[0.751703,-0.656389,-0.0640034],[0.395182,0.525999,-0.753098],[0.527991,0.540813,0.654788]],[[0.751703,-0.656389,-0.0640034],[-0.251669,-0.195795,-0.947801],[0.609594,0.728572,-0.312373]],[[0.751703,-0.656389,-0.0640034],[-0.514653,-0.523148,-0.679301],[0.412402,0.543572,-0.731064]]],"btipPosition":[30.3643,89.7748,-9.26362],"carpPosition":[64.965,109.298,48.2212],"dipPosition":[37.4728,99.1443,-21.8648],"direction":[-0.609594,-0.728572,0.312373],"extended":false,"handId":726,"id":7264,"length":50.5107,"mcpPosition":[68.0651,132.517,-4.82167],"pipPosition":[49.3958,113.394,-27.9745],"stabilizedTipPosition":[35.9138,88.4917,-22.2924],"timeVisible":0.962531,"tipPosition":[32.2183,92.1066,-12.9214],"tipVelocity":[-6.01817,5.26629,5.09905],"tool":false,"touchDistance":0.333333,"touchZone":"none","type":4,"width":16.0574}],"r":[[0.982254,-0.163994,0.0910064],[0.132917,0.951012,0.279123],[-0.132323,-0.262073,0.955933]],"s":0.110125,"t":[-2.29722,19.0978,11.8845],"timestamp":27245297104},a
{"currentFrameRate":113.97,"devices":[],"gestures":[],"hands":[{"armBasis":[[0.818771,0.0761496,-0.569047],[0.346978,0.724035,0.596138],[0.457405,-0.685547,0.566397]],"armWidth":63.72,"confidence":0.769317,"direction":[-0.159487,0.556928,-0.815104],"elbow":[174.794,-79.1637,212.327],"grabStrength":1,"id":726,"palmNormal":[-0.328106,-0.808639,-0.488312],"palmPosition":[34.1676,133.96,15.6512],"palmVelocity":[-2.79915,5.64215,0.524139],"palmWidth":90.99,"pinchStrength":0.460906,"r":[[0.982287,-0.163798,0.0910108],[0.132779,0.951144,0.278738],[-0.132221,-0.261716,0.956045]],"s":0.109587,"sphereCenter":[23.9595,104.608,-20.5777],"sphereRadius":39.3018,"stabilizedPalmPosition":[34.6392,126.294,12.6427],"t":[-2.34425,19.1849,11.8934],"timeVisible":0.979911,"type":"right","wrist":[51.2947,105.934,59.4003]}],"id":625456,"interactionBox":{"center":[0,103.122,0],"size":[121.296,121.296,76.1821]},"pointables":[{"bases":[[[0.63701,0.755665,0.15228],[-0.540352,0.296843,0.78734],[0.549762,-0.583828,0.597417]],[[0.448496,0.893315,-0.0289943],[-0.646664,0.346715,0.679422],[0.61699,-0.285968,0.733175]],[[0.448496,0.893315,-0.0289943],[-0.804288,0.417524,0.422841],[0.389836,-0.166323,0.90574]],[[0.448496,0.893315,-0.0289943],[-0.750014,0.393799,0.531415],[0.486139,-0.216591,0.846615]]],"btipPosition":[-33.7141,125.714,-21.4922],"carpPosition":[21.7536,100.699,65.8017],"dipPosition":[-22.3367,120.645,-1.67835],"direction":[-0.389836,0.166323,-0.90574],"extended":false,"handId":726,"id":7260,"length":52.1164,"mcpPosition":[21.7536,100.699,65.8017],"pipPosition":[-9.04502,114.974,29.2034],"stabilizedTipPosition":[-30.849,120.494,-11.4017],"timeVisible":0.979911,"tipPosition":[-30.986,125.224,-16.8655],"tipVelocity":[-1.15503,3.65659,0.605467],"tool":false,"touchDistance":0.174665,"touchZone":"hovering","type":0,"width":20.25},{"bases":[[[0.891084,-0.0933605,-0.444132],[0.277963,0.885856,0.371477],[0.358756,-0.454469,0.815323]],[[0.857184,-0.0542007,-0.51215],[-0.335079,0.696486,-0.634531],[0.391097,0.715521,0.578855]],[[0.857184,-0.0542007,-0.51215],[-0.488672,-0.399543,-0.775606],[-0.162587,0.915111,-0.368968]],[[0.857184,-0.0542007,-0.51215],[-0.330294,-0.820856,-0.465941],[-0.395147,0.568557,-0.721527]]],"btipPosition":[1.45726,91.803,0.507748],"carpPosition":[33.9721,120.941,64.1139],"dipPosition":[-5.29406,101.517,-11.82],"direction":[0.162587,-0.915111,0.368968],"extended":false,"handId":726,"id":7261,"length":58.8075,"mcpPosition":[7.5786,154.376,4.13092],"pipPosition":[-9.22386,123.636,-20.7381],"stabilizedTipPosition":[-5.99872,91.7329,-15.3672],"timeVisible":0.979911,"tipPosition":[-0.788265,93.9124,-3.04604],"tipVelocity":[11.2378,7.10075,14.3626],"tool":false,"touchDistance":0.333333,"touchZone":"none","type":1,"width":19.3428},{"bases":[[[0.870831,-0.303542,-0.386672],[0.432419,0.847127,0.308853],[0.23381,-0.436163,0.868962]],[[0.878759,-0.319206,-0.354809],[-0.0618451,0.660993,-0.747839],[0.473241,0.679114,0.561112]],[[0.878759,-0.319206,-0.354809],[-0.461214,-0.376789,-0.803313],[0.122734,0.869561,-0.47833]],[[0.878759,-0.319206,-0.354809],[-0.45644,-0.779295,-0.429373],[-0.139442,0.539264,-0.830512]]],"btipPosition":[5.0955,84.4152,0.393505],"carpPosition":[45.0881,121.58,58.8561],"dipPosition":[2.4751,94.5491,-15.2135],"direction":[-0.122734,-0.869561,0.47833],"extended":false,"handId":726,"id":7262,"length":67.0064,"mcpPosition":[28.7756,152.01,-1.76962],"pipPosition":[5.96522,119.276,-28.8154],"stabilizedTipPosition":[1.54407,81.9666,-17.3582],"timeVisible":0.979911,"tipPosition":[4.05682,86.6344,-4.12631],"tipVelocity":[4.71719,7.23158,16.0795],"tool":false,"touchDistance":0.333333,"touchZone":"none","type":2,"width":18.9972},{"bases":[[[0.860655,-0.42741,-0.276758],[0.500764,0.80894,0.307981],[0.092246,-0.403656,0.910249]],[[0.862405,-0.43581,-0.257541],[0.126853,0.678573,-0.723496],[0.490067,0.591277,0.640489]],[[0.862405,-0.43581,-0.257541],[-0.355464,-0.159121,-0.921046],[0.36042,0.885861,-0.292141]],[[0.862405,-0.43581,-0.257541],[-0.486381,-0.572334,-0.660203],[0.140323,0.694625,-0.705553]]],"btipPosition":[15.6509,80.3379,-10.665],"carpPosition":[55.9313,118.989,53.6943],"dipPosition":[18.2727,93.3162,-23.8476],"direction":[-0.36042,-0.885861,0.292141],"extended":false,"handId":726,"id":7263,"length":64.4285,"mcpPosition":[50.153,144.274,-3.32367],"pipPosition":[28.2571,117.856,-31.9405],"stabilizedTipPosition":[16.4996,81.7601,-22.177],"timeVisible":0.979911,"tipPosition":[16.2425,83.6783,-14.4258],"tipVelocity":[-3.42096,1.93729,5.18004],"tool":false,"touchDistance":0.333333,"touchZone":"none","type":3,"width":18.077},{"bases":[[[0.770896,-0.599001,-0.216604],[0.6347,0.693753,0.340386],[-0.0536226,-0.399881,0.914997]],[[0.751024,-0.657517,-0.0602855],[0.396847,0.522476,-0.754673],[0.527708,0.542853,0.653325]],[[0.751024,-0.657517,-0.0602855],[-0.249755,-0.198375,-0.947771],[0.611217,0.726855,-0.313202]],[[0.751024,-0.657517,-0.0602855],[-0.513298,-0.523977,-0.679686],[0.415317,0.541405,-0.731022]]],"btipPosition":[30.2533,89.8337,-9.18367],"carpPosition":[64.9167,109.39,48.2474],"dipPosition":[37.412,99.1657,-21.7841],"direction":[-0.611217,-0.726855,0.313202],"extended":false,"handId":726,"id":7264,"length":50.5107,"mcpPosition":[68.026,132.577,-4.80894],"pipPosition":[49.3667,113.382,-27.91],"stabilizedTipPosition":[35.8771,88.5237,-22.1986],"timeVisible":0.979911,"tipPosition":[32.1285,92.1511,-12.8181],"tipVelocity":[-5.88887,4.15479,4.88707],"tool":false,"touchDistance":0.333333,"touchZone":"none","type":4,"width":16.0574}],"r":[[0.982287,-0.163798,0.0910108],[0.132779,0.951144,0.278738],[-0.132221,-0.261716,0.956045]],"s":0.109587,"t":[-2.34425,19.1849,11.8934],"timestamp":27245314484},a
