{
  "currentFrameRate": 41.2099,
  "devices": [],
  "gestures": [],
  "hands": [
    {
      "armBasis": [
        [
          0.9628,
          -0.159735,
          -0.217946
        ],
        [
          0.261949,
          0.749702,
          0.607725
        ],
        [
          0.0663193,
          -0.642209,
          0.763656
        ]
      ],
      "armWidth": 61.8658,
      "confidence": 0.554555,
      "direction": [
        0.355758,
        0.880779,
        -0.312513
      ],
      "elbow": [
        101.026,
        88.102,
        303.246
      ],
      "grabStrength": 0,
      "id": 217,
      "palmNormal": [
        -0.074387,
        -0.306643,
        -0.948914
      ],
      "palmPosition": [
        95.0861,
        304.015,
        82.3715
      ],
      "palmVelocity": [
        0.976668,
        1.80506,
        -4.63063
      ],
      "palmWidth": 88.3422,
      "pinchStrength": 0,
      "r": [
        [
          0.909592,
          -0.166894,
          0.38051
        ],
        [
          0.232023,
          0.96372,
          -0.131948
        ],
        [
          -0.344684,
          0.208306,
          0.915315
        ]
      ],
      "s": 1.02323,
      "sphereCenter": [
        55.5494,
        332.447,
        13.359
      ],
      "sphereRadius": 93.4221,
      "stabilizedPalmPosition": [
        93.7716,
        307.583,
        86.1275
      ],
      "t": [
        94.8666,
        -57.4115,
        -15.0173
      ],
      "timeVisible": 7.24642,
      "type": "right",
      "wrist": [
        83.641,
        256.453,
        103.059
      ]
    }
  ],
  "id": 232028,
  "interactionBox": {
    "center": [
      0,
      200,
      0
    ],
    "size": [
      235.247,
      235.247,
      147.751
    ]
  },
  "pointables": [
    {
      "bases": [
        [
          [
            0.510832,
            0.300941,
            0.805286
          ],
          [
            -0.855329,
            0.0837925,
            0.511264
          ],
          [
            0.0863831,
            -0.949955,
            0.300207
          ]
        ],
        [
          [
            0.51678,
            0.20798,
            0.830472
          ],
          [
            -0.721269,
            -0.41681,
            0.55321
          ],
          [
            0.461205,
            -0.884881,
            -0.0653898
          ]
        ],
        [
          [
            0.51678,
            0.20798,
            0.830472
          ],
          [
            -0.855539,
            0.16114,
            0.492023
          ],
          [
            -0.0314914,
            -0.964769,
            0.261209
          ]
        ],
        [
          [
            0.51678,
            0.20798,
            0.830472
          ],
          [
            -0.845395,
            -0.029085,
            0.53335
          ],
          [
            0.13508,
            -0.977701,
            0.160794
          ]
        ]
      ],
      "btipPosition": [
        31.5142,
        357.337,
        83.8094
      ],
      "carpPosition": [
        55.8934,
        260.298,
        92.9409
      ],
      "dipPosition": [
        34.5835,
        335.121,
        87.4631
      ],
      "direction": [
        0.0314914,
        0.964769,
        -0.261209
      ],
      "extended": true,
      "handId": 217,
      "id": 2170,
      "length": 50.5998,
      "mcpPosition": [
        55.8934,
        260.298,
        92.9409
      ],
      "pipPosition": [
        33.5411,
        303.184,
        96.11
      ],
      "stabilizedTipPosition": [
        32.0609,
        355.461,
        86.5553
      ],
      "timeVisible": 7.24642,
      "tipPosition": [
        32.5116,
        352.349,
        84.9799
      ],
      "tipVelocity": [
        2.22956,
        5.32847,
        -0.420388
      ],
      "tool": false,
      "touchDistance": 0.244204,
      "touchZone": "hovering",
      "type": 0,
      "width": 19.6607
    },
    {
      "bases": [
        [
          [
            0.97812,
            -0.207824,
            -0.00951798
          ],
          [
            0.102385,
            0.441037,
            0.89163
          ],
          [
            -0.181104,
            -0.873095,
            0.452665
          ]
        ],
        [
          [
            0.993437,
            0.000609781,
            -0.114377
          ],
          [
            0.103575,
            0.419437,
            0.901856
          ],
          [
            0.0485239,
            -0.907784,
            0.416622
          ]
        ],
        [
          [
            0.993437,
            0.000609781,
            -0.114377
          ],
          [
            0.100568,
            0.471693,
            0.876009
          ],
          [
            0.0544849,
            -0.881763,
            0.468536
          ]
        ],
        [
          [
            0.993437,
            0.000609781,
            -0.114377
          ],
          [
            0.0978916,
            0.512673,
            0.852985
          ],
          [
            0.059158,
            -0.858584,
            0.509249
          ]
        ]
      ],
      "btipPosition": [
        76.9488,
        407.609,
        38.8955
      ],
      "carpPosition": [
        68.2967,
        272.445,
        108.05
      ],
      "dipPosition": [
        77.9301,
        393.367,
        47.3431
      ],
      "direction": [
        -0.0544849,
        0.881763,
        -0.468536
      ],
      "extended": true,
      "handId": 217,
      "id": 2171,
      "length": 57.0962,
      "mcpPosition": [
        81.2327,
        334.809,
        75.7165
      ],
      "pipPosition": [
        79.2087,
        372.674,
        58.3383
      ],
      "stabilizedTipPosition": [
        77.2313,
        405.734,
        41.4509
      ],
      "timeVisible": 7.24642,
      "tipPosition": [
        77.0749,
        403.968,
        40.2521
      ],
      "tipVelocity": [
        5.84299,
        3.989,
        -1.48626
      ],
      "tool": false,
      "touchDistance": 0.333304,
      "touchZone": "hovering",
      "type": 1,
      "width": 18.7799
    },
    {
      "bases": [
        [
          [
            0.912778,
            -0.395992,
            -0.100134
          ],
          [
            0.262273,
            0.380277,
            0.886906
          ],
          [
            -0.313129,
            -0.835811,
            0.450967
          ]
        ],
        [
          [
            0.955874,
            -0.228433,
            -0.184723
          ],
          [
            0.243139,
            0.262233,
            0.933872
          ],
          [
            -0.164887,
            -0.937578,
            0.306203
          ]
        ],
        [
          [
            0.955874,
            -0.228433,
            -0.184723
          ],
          [
            0.269681,
            0.43291,
            0.860152
          ],
          [
            -0.116519,
            -0.872013,
            0.475411
          ]
        ],
        [
          [
            0.955874,
            -0.228433,
            -0.184723
          ],
          [
            0.284579,
            0.5639,
            0.775262
          ],
          [
            -0.0729308,
            -0.793622,
            0.604025
          ]
        ]
      ],
      "btipPosition": [
        113.612,
        410.263,
        40.1288
      ],
      "carpPosition": [
        80.1371,
        271.215,
        109.152
      ],
      "dipPosition": [
        112.281,
        395.783,
        51.1493
      ],
      "direction": [
        0.116519,
        0.872013,
        -0.475411
      ],
      "extended": true,
      "handId": 217,
      "id": 2172,
      "length": 65.0566,
      "mcpPosition": [
        101.348,
        327.831,
        78.6045
      ],
      "pipPosition": [
        109.064,
        371.708,
        64.2749
      ],
      "stabilizedTipPosition": [
        116.125,
        407.373,
        41.9951
      ],
      "timeVisible": 7.24642,
      "tipPosition": [
        113.806,
        406.603,
        42.0286
      ],
      "tipVelocity": [
        4.22747,
        3.53632,
        1.42804
      ],
      "tool": false,
      "touchDistance": 0.333337,
      "touchZone": "hovering",
      "type": 2,
      "width": 18.4444
    },
    {
      "bases": [
        [
          [
            0.834364,
            -0.542205,
            -0.0992515
          ],
          [
            0.316701,
            0.324176,
            0.891409
          ],
          [
            -0.451152,
            -0.775193,
            0.442198
          ]
        ],
        [
          [
            0.89317,
            -0.418273,
            -0.165214
          ],
          [
            0.291784,
            0.259427,
            0.92063
          ],
          [
            -0.342214,
            -0.870486,
            0.353757
          ]
        ],
        [
          [
            0.89317,
            -0.418273,
            -0.165214
          ],
          [
            0.363649,
            0.455586,
            0.812527
          ],
          [
            -0.264589,
            -0.785805,
            0.55902
          ]
        ],
        [
          [
            0.89317,
            -0.418273,
            -0.165214
          ],
          [
            0.407704,
            0.598056,
            0.690004
          ],
          [
            -0.189803,
            -0.683649,
            0.704698
          ]
        ]
      ],
      "btipPosition": [
        144.292,
        385.956,
        38.3218
      ],
      "carpPosition": [
        91.4496,
        267.513,
        108.38
      ],
      "dipPosition": [
        140.849,
        373.554,
        51.1053
      ],
      "direction": [
        0.264589,
        0.785805,
        -0.55902
      ],
      "extended": true,
      "handId": 217,
      "id": 2173,
      "length": 62.5536,
      "mcpPosition": [
        118.887,
        314.658,
        81.4864
      ],
      "pipPosition": [
        133.732,
        352.419,
        66.1406
      ],
      "stabilizedTipPosition": [
        145.488,
        382.174,
        40.2585
      ],
      "timeVisible": 7.24642,
      "tipPosition": [
        143.838,
        382.563,
        40.5962
      ],
      "tipVelocity": [
        2.09515,
        5.08717,
        2.63734
      ],
      "tool": false,
      "touchDistance": 0.333384,
      "touchZone": "hovering",
      "type": 3,
      "width": 17.551
    },
    {
      "bases": [
        [
          [
            0.712666,
            -0.674341,
            -0.193318
          ],
          [
            0.401509,
            0.166128,
            0.900662
          ],
          [
            -0.575238,
            -0.71949,
            0.389148
          ]
        ],
        [
          [
            0.734072,
            -0.646429,
            -0.208009
          ],
          [
            0.331422,
            0.0736876,
            0.940601
          ],
          [
            -0.592704,
            -0.759407,
            0.268333
          ]
        ],
        [
          [
            0.734072,
            -0.646429,
            -0.208009
          ],
          [
            0.446144,
            0.228166,
            0.865388
          ],
          [
            -0.511951,
            -0.728058,
            0.455891
          ]
        ],
        [
          [
            0.734072,
            -0.646429,
            -0.208009
          ],
          [
            0.52732,
            0.349626,
            0.7744
          ],
          [
            -0.42787,
            -0.678153,
            0.597525
          ]
        ]
      ],
      "btipPosition": [
        170.465,
        350.875,
        52.9291
      ],
      "carpPosition": [
        100.851,
        259.124,
        102.706
      ],
      "dipPosition": [
        163.305,
        339.526,
        62.9288
      ],
      "direction": [
        0.511951,
        0.728058,
        -0.455891
      ],
      "extended": true,
      "handId": 217,
      "id": 2174,
      "length": 49.0409,
      "mcpPosition": [
        133.235,
        299.63,
        80.798
      ],
      "pipPosition": [
        153.583,
        325.701,
        71.586
      ],
      "stabilizedTipPosition": [
        169.916,
        348.54,
        55.629
      ],
      "timeVisible": 7.24642,
      "tipPosition": [
        168.919,
        347.834,
        54.5654
      ],
      "tipVelocity": [
        2.16414,
        -1.22383,
        -4.8514
      ],
      "tool": false,
      "touchDistance": 0.333164,
      "touchZone": "hovering",
      "type": 4,
      "width": 15.5902
    }
  ],
  "r": [
    [
      0.909592,
      -0.166894,
      0.38051
    ],
    [
      0.232023,
      0.96372,
      -0.131948
    ],
    [
      -0.344684,
      0.208306,
      0.915315
    ]
  ],
  "s": 1.02323,
  "t": [
    94.8666,
    -57.4115,
    -15.0173
  ],
  "timestamp": 172877988643
}
