{
  "currentFrameRate": 69.5853,
  "devices": [],
  "gestures": [],
  "hands": [
    {
      "armBasis": [
        [
          0.942922,
          -0.200741,
          -0.265708
        ],
        [
          0.328247,
          0.694771,
          0.639958
        ],
        [
          0.0561409,
          -0.690649,
          0.721008
        ]
      ],
      "armWidth": 63.72,
      "confidence": 0.941089,
      "direction": [
        0.228275,
        0.919628,
        -0.319649
      ],
      "elbow": [
        79.5845,
        68.0714,
        295.482
      ],
      "grabStrength": 0,
      "id": 221,
      "palmNormal": [
        -0.246327,
        -0.263081,
        -0.932797
      ],
      "palmPosition": [
        68.5092,
        305.293,
        80.7885
      ],
      "palmVelocity": [
        11.0619,
        4.84465,
        3.90528
      ],
      "palmWidth": 90.99,
      "pinchStrength": 0,
      "r": [
        [
          0.992184,
          0.0763153,
          0.098729
        ],
        [
          -0.0660657,
          0.992462,
          -0.103219
        ],
        [
          -0.105862,
          0.0958896,
          0.989747
        ]
      ],
      "s": 1.07427,
      "sphereCenter": [
        -53.0192,
        192.299,
        -266.236
      ],
      "sphereRadius": 387.481,
      "stabilizedPalmPosition": [
        67.8768,
        304.42,
        80.3081
      ],
      "t": [
        -20.3782,
        -37.5527,
        -43.895
      ],
      "timeVisible": 14.0527,
      "type": "right",
      "wrist": [
        64.4265,
        254.547,
        100.81
      ]
    }
  ],
  "id": 236538,
  "interactionBox": {
    "center": [
      0,
      200,
      0
    ],
    "size": [
      235.247,
      235.247,
      147.751
    ]
  },
  "pointables": [
    {
      "bases": [
        [
          [
            0.643892,
            0.297388,
            0.704956
          ],
          [
            -0.736978,
            -0.00650837,
            0.675885
          ],
          [
            0.205588,
            -0.954734,
            0.214978
          ]
        ],
        [
          [
            0.619036,
            0.395009,
            0.678795
          ],
          [
            -0.683426,
            -0.154896,
            0.713398
          ],
          [
            0.386941,
            -0.905525,
            0.174073
          ]
        ],
        [
          [
            0.619036,
            0.395009,
            0.678795
          ],
          [
            -0.767208,
            0.119394,
            0.630188
          ],
          [
            0.167886,
            -0.910886,
            0.376963
          ]
        ],
        [
          [
            0.619036,
            0.395009,
            0.678795
          ],
          [
            -0.761031,
            0.0882334,
            0.642688
          ],
          [
            0.193975,
            -0.91443,
            0.355233
          ]
        ]
      ],
      "btipPosition": [
        4.55362,
        354.533,
        66.7199
      ],
      "carpPosition": [
        34.1327,
        256.873,
        96.5757
      ],
      "dipPosition": [
        9.09333,
        333.132,
        75.0336
      ],
      "direction": [
        -0.167886,
        0.910886,
        -0.376963
      ],
      "extended": true,
      "handId": 221,
      "id": 2210,
      "length": 52.1164,
      "mcpPosition": [
        34.1327,
        256.873,
        96.5757
      ],
      "pipPosition": [
        14.8175,
        302.075,
        87.8864
      ],
      "stabilizedTipPosition": [
        4.95949,
        349.052,
        68.281
      ],
      "timeVisible": 14.0527,
      "tipPosition": [
        5.74267,
        349.574,
        68.5012
      ],
      "tipVelocity": [
        12.2589,
        7.13478,
        3.81785
      ],
      "tool": false,
      "touchDistance": 0.345188,
      "touchZone": "hovering",
      "type": 0,
      "width": 20.25
    },
    {
      "bases": [
        [
          [
            0.966876,
            -0.133124,
            -0.217781
          ],
          [
            0.253524,
            0.401917,
            0.87988
          ],
          [
            -0.0296036,
            -0.905947,
            0.422354
          ]
        ],
        [
          [
            0.966877,
            -0.077468,
            -0.243204
          ],
          [
            0.251428,
            0.453209,
            0.855211
          ],
          [
            0.043971,
            -0.888031,
            0.457675
          ]
        ],
        [
          [
            0.966877,
            -0.077468,
            -0.243204
          ],
          [
            0.248711,
            0.500141,
            0.829459
          ],
          [
            0.0573799,
            -0.862472,
            0.502842
          ]
        ],
        [
          [
            0.966877,
            -0.077468,
            -0.243204
          ],
          [
            0.246072,
            0.536045,
            0.80753
          ],
          [
            0.0678106,
            -0.840627,
            0.537352
          ]
        ]
      ],
      "btipPosition": [
        46.7321,
        409.517,
        37.9818
      ],
      "carpPosition": [
        48.9887,
        269.506,
        110.052
      ],
      "dipPosition": [
        47.8907,
        395.154,
        47.1628
      ],
      "direction": [
        -0.0573799,
        0.862472,
        -0.502842
      ],
      "extended": true,
      "handId": 221,
      "id": 2211,
      "length": 58.8075,
      "mcpPosition": [
        51.1667,
        336.156,
        78.9795
      ],
      "pipPosition": [
        49.2776,
        374.308,
        59.3167
      ],
      "stabilizedTipPosition": [
        45.9859,
        405.188,
        38.9471
      ],
      "timeVisible": 14.0527,
      "tipPosition": [
        46.8584,
        405.596,
        39.1303
      ],
      "tipVelocity": [
        17.1324,
        10.0511,
        10.1098
      ],
      "tool": false,
      "touchDistance": 0.333404,
      "touchZone": "hovering",
      "type": 1,
      "width": 19.3428
    },
    {
      "bases": [
        [
          [
            0.896506,
            -0.320851,
            -0.305503
          ],
          [
            0.412624,
            0.353637,
            0.839453
          ],
          [
            -0.161302,
            -0.878633,
            0.449428
          ]
        ],
        [
          [
            0.897964,
            -0.312684,
            -0.30966
          ],
          [
            0.417356,
            0.381963,
            0.824572
          ],
          [
            -0.139551,
            -0.869674,
            0.473489
          ]
        ],
        [
          [
            0.897964,
            -0.312684,
            -0.30966
          ],
          [
            0.422398,
            0.415015,
            0.805818
          ],
          [
            -0.123452,
            -0.854395,
            0.504746
          ]
        ],
        [
          [
            0.897964,
            -0.312684,
            -0.30966
          ],
          [
            0.425954,
            0.440783,
            0.79011
          ],
          [
            -0.110561,
            -0.841391,
            0.528996
          ]
        ]
      ],
      "btipPosition": [
        84.7835,
        412.428,
        30.176
      ],
      "carpPosition": [
        61.2151,
        269.102,
        108.648
      ],
      "dipPosition": [
        82.7058,
        396.617,
        40.1169
      ],
      "direction": [
        0.123452,
        0.854395,
        -0.504746
      ],
      "extended": true,
      "handId": 221,
      "id": 2212,
      "length": 67.0064,
      "mcpPosition": [
        72.4688,
        330.402,
        77.2925
      ],
      "pipPosition": [
        79.1953,
        372.321,
        54.4701
      ],
      "stabilizedTipPosition": [
        83.4436,
        407.869,
        31.2145
      ],
      "timeVisible": 14.0527,
      "tipPosition": [
        84.051,
        408.247,
        31.5609
      ],
      "tipVelocity": [
        15.5793,
        12.1048,
        17.9732
      ],
      "tool": false,
      "touchDistance": 0.333544,
      "touchZone": "hovering",
      "type": 2,
      "width": 18.9972
    },
    {
      "bases": [
        [
          [
            0.829324,
            -0.472391,
            -0.298442
          ],
          [
            0.470269,
            0.301621,
            0.829381
          ],
          [
            -0.301776,
            -0.828174,
            0.472292
          ]
        ],
        [
          [
            0.846921,
            -0.418477,
            -0.328027
          ],
          [
            0.490468,
            0.376593,
            0.785887
          ],
          [
            -0.205343,
            -0.826471,
            0.524194
          ]
        ],
        [
          [
            0.846921,
            -0.418477,
            -0.328027
          ],
          [
            0.507573,
            0.452486,
            0.73323
          ],
          [
            -0.158412,
            -0.787486,
            0.595627
          ]
        ],
        [
          [
            0.846921,
            -0.418477,
            -0.328027
          ],
          [
            0.517788,
            0.508798,
            0.687764
          ],
          [
            -0.120914,
            -0.75233,
            0.647595
          ]
        ]
      ],
      "btipPosition": [
        107.404,
        390.893,
        23.6957
      ],
      "carpPosition": [
        72.6786,
        266.219,
        105.301
      ],
      "dipPosition": [
        105.145,
        376.837,
        35.7953
      ],
      "direction": [
        0.158412,
        0.787486,
        -0.595627
      ],
      "extended": true,
      "handId": 221,
      "id": 2213,
      "length": 64.4285,
      "mcpPosition": [
        91.5818,
        318.096,
        75.7162
      ],
      "pipPosition": [
        100.756,
        355.022,
        52.2954
      ],
      "stabilizedTipPosition": [
        105.801,
        387.215,
        25.8056
      ],
      "timeVisible": 14.0527,
      "tipPosition": [
        106.475,
        387.312,
        25.9667
      ],
      "tipVelocity": [
        22.7801,
        6.11119,
        11.6685
      ],
      "tool": false,
      "touchDistance": 0.333474,
      "touchZone": "hovering",
      "type": 3,
      "width": 18.077
    },
    {
      "bases": [
        [
          [
            0.699645,
            -0.608368,
            -0.374682
          ],
          [
            0.565013,
            0.150115,
            0.811311
          ],
          [
            -0.43733,
            -0.779329,
            0.448763
          ]
        ],
        [
          [
            0.695441,
            -0.615774,
            -0.370384
          ],
          [
            0.573465,
            0.164994,
            0.802443
          ],
          [
            -0.433012,
            -0.770454,
            0.467869
          ]
        ],
        [
          [
            0.695441,
            -0.615774,
            -0.370384
          ],
          [
            0.607396,
            0.228313,
            0.760883
          ],
          [
            -0.383969,
            -0.754119,
            0.532797
          ]
        ],
        [
          [
            0.695441,
            -0.615774,
            -0.370384
          ],
          [
            0.631409,
            0.277577,
            0.724068
          ],
          [
            -0.343052,
            -0.73741,
            0.581843
          ]
        ]
      ],
      "btipPosition": [
        135.59,
        358.527,
        34.0831
      ],
      "carpPosition": [
        81.4968,
        258.635,
        97.0981
      ],
      "dipPosition": [
        129.676,
        345.817,
        44.1122
      ],
      "direction": [
        0.383969,
        0.754119,
        -0.532797
      ],
      "extended": true,
      "handId": 221,
      "id": 2214,
      "length": 50.5107,
      "mcpPosition": [
        106.855,
        303.824,
        71.0765
      ],
      "pipPosition": [
        122.166,
        331.067,
        54.5331
      ],
      "stabilizedTipPosition": [
        133.05,
        354.81,
        35.0436
      ],
      "timeVisible": 14.0527,
      "tipPosition": [
        133.976,
        355.222,
        35.7651
      ],
      "tipVelocity": [
        19.6987,
        7.85121,
        18.8158
      ],
      "tool": false,
      "touchDistance": 0.361802,
      "touchZone": "hovering",
      "type": 4,
      "width": 16.0574
    }
  ],
  "r": [
    [
      0.992184,
      0.0763153,
      0.098729
    ],
    [
      -0.0660657,
      0.992462,
      -0.103219
    ],
    [
      -0.105862,
      0.0958896,
      0.989747
    ]
  ],
  "s": 1.07427,
  "t": [
    -20.3782,
    -37.5527,
    -43.895
  ],
  "timestamp": 172941343007
}
